time_sec,target_rps,scenario,phase
0,88,ddos_attack,normal
1,86,ddos_attack,normal
2,79,ddos_attack,normal
3,76,ddos_attack,normal
4,85,ddos_attack,normal
5,73,ddos_attack,normal
6,85,ddos_attack,normal
7,79,ddos_attack,normal
8,84,ddos_attack,normal
9,81,ddos_attack,normal
10,71,ddos_attack,normal
11,72,ddos_attack,normal
12,80,ddos_attack,normal
13,72,ddos_attack,normal
14,78,ddos_attack,normal
15,79,ddos_attack,normal
16,82,ddos_attack,normal
17,90,ddos_attack,normal
18,72,ddos_attack,normal
19,75,ddos_attack,normal
20,86,ddos_attack,normal
21,71,ddos_attack,normal
22,78,ddos_attack,normal
23,78,ddos_attack,normal
24,88,ddos_attack,normal
25,72,ddos_attack,normal
26,79,ddos_attack,normal
27,70,ddos_attack,normal
28,87,ddos_attack,normal
29,70,ddos_attack,normal
30,70,ddos_attack,normal
31,70,ddos_attack,normal
32,90,ddos_attack,normal
33,71,ddos_attack,normal
34,76,ddos_attack,normal
35,71,ddos_attack,normal
36,86,ddos_attack,normal
37,70,ddos_attack,normal
38,88,ddos_attack,normal
39,80,ddos_attack,normal
40,82,ddos_attack,normal
41,84,ddos_attack,normal
42,87,ddos_attack,normal
43,76,ddos_attack,normal
44,74,ddos_attack,normal
45,82,ddos_attack,normal
46,87,ddos_attack,normal
47,83,ddos_attack,normal
48,83,ddos_attack,normal
49,80,ddos_attack,normal
50,79,ddos_attack,normal
51,80,ddos_attack,normal
52,73,ddos_attack,normal
53,81,ddos_attack,normal
54,76,ddos_attack,normal
55,81,ddos_attack,normal
56,84,ddos_attack,normal
57,90,ddos_attack,normal
58,73,ddos_attack,normal
59,77,ddos_attack,normal
60,81,ddos_attack,normal
61,78,ddos_attack,normal
62,73,ddos_attack,normal
63,72,ddos_attack,normal
64,74,ddos_attack,normal
65,82,ddos_attack,normal
66,75,ddos_attack,normal
67,78,ddos_attack,normal
68,76,ddos_attack,normal
69,77,ddos_attack,normal
70,90,ddos_attack,normal
71,84,ddos_attack,normal
72,70,ddos_attack,normal
73,84,ddos_attack,normal
74,77,ddos_attack,normal
75,76,ddos_attack,normal
76,85,ddos_attack,normal
77,82,ddos_attack,normal
78,83,ddos_attack,normal
79,72,ddos_attack,normal
80,70,ddos_attack,normal
81,75,ddos_attack,normal
82,84,ddos_attack,normal
83,87,ddos_attack,normal
84,74,ddos_attack,normal
85,80,ddos_attack,normal
86,80,ddos_attack,normal
87,77,ddos_attack,normal
88,85,ddos_attack,normal
89,74,ddos_attack,normal
90,85,ddos_attack,normal
91,71,ddos_attack,normal
92,77,ddos_attack,normal
93,77,ddos_attack,normal
94,90,ddos_attack,normal
95,89,ddos_attack,normal
96,85,ddos_attack,normal
97,79,ddos_attack,normal
98,71,ddos_attack,normal
99,87,ddos_attack,normal
100,85,ddos_attack,normal
101,89,ddos_attack,normal
102,88,ddos_attack,normal
103,85,ddos_attack,normal
104,70,ddos_attack,normal
105,78,ddos_attack,normal
106,76,ddos_attack,normal
107,84,ddos_attack,normal
108,87,ddos_attack,normal
109,87,ddos_attack,normal
110,87,ddos_attack,normal
111,85,ddos_attack,normal
112,84,ddos_attack,normal
113,90,ddos_attack,normal
114,72,ddos_attack,normal
115,78,ddos_attack,normal
116,74,ddos_attack,normal
117,75,ddos_attack,normal
118,90,ddos_attack,normal
119,82,ddos_attack,normal
120,74,ddos_attack,normal
121,74,ddos_attack,normal
122,89,ddos_attack,normal
123,90,ddos_attack,normal
124,90,ddos_attack,normal
125,75,ddos_attack,normal
126,74,ddos_attack,normal
127,73,ddos_attack,normal
128,76,ddos_attack,normal
129,87,ddos_attack,normal
130,90,ddos_attack,normal
131,90,ddos_attack,normal
132,84,ddos_attack,normal
133,76,ddos_attack,normal
134,82,ddos_attack,normal
135,73,ddos_attack,normal
136,73,ddos_attack,normal
137,90,ddos_attack,normal
138,87,ddos_attack,normal
139,80,ddos_attack,normal
140,82,ddos_attack,normal
141,80,ddos_attack,normal
142,79,ddos_attack,normal
143,87,ddos_attack,normal
144,89,ddos_attack,normal
145,71,ddos_attack,normal
146,85,ddos_attack,normal
147,82,ddos_attack,normal
148,82,ddos_attack,normal
149,88,ddos_attack,normal
150,73,ddos_attack,normal
151,71,ddos_attack,normal
152,78,ddos_attack,normal
153,88,ddos_attack,normal
154,81,ddos_attack,normal
155,87,ddos_attack,normal
156,90,ddos_attack,normal
157,78,ddos_attack,normal
158,89,ddos_attack,normal
159,77,ddos_attack,normal
160,82,ddos_attack,normal
161,76,ddos_attack,normal
162,73,ddos_attack,normal
163,76,ddos_attack,normal
164,86,ddos_attack,normal
165,87,ddos_attack,normal
166,88,ddos_attack,normal
167,88,ddos_attack,normal
168,81,ddos_attack,normal
169,86,ddos_attack,normal
170,83,ddos_attack,normal
171,71,ddos_attack,normal
172,75,ddos_attack,normal
173,85,ddos_attack,normal
174,86,ddos_attack,normal
175,76,ddos_attack,normal
176,89,ddos_attack,normal
177,81,ddos_attack,normal
178,82,ddos_attack,normal
179,90,ddos_attack,normal
180,90,ddos_attack,normal
181,81,ddos_attack,normal
182,76,ddos_attack,normal
183,71,ddos_attack,normal
184,76,ddos_attack,normal
185,86,ddos_attack,normal
186,85,ddos_attack,normal
187,72,ddos_attack,normal
188,81,ddos_attack,normal
189,87,ddos_attack,normal
190,77,ddos_attack,normal
191,89,ddos_attack,normal
192,84,ddos_attack,normal
193,70,ddos_attack,normal
194,74,ddos_attack,normal
195,87,ddos_attack,normal
196,84,ddos_attack,normal
197,74,ddos_attack,normal
198,75,ddos_attack,normal
199,88,ddos_attack,normal
200,88,ddos_attack,normal
201,650,ddos_attack,ramp_up
202,1200,ddos_attack,ramp_up
203,1208,ddos_attack,peak
204,1179,ddos_attack,peak
205,1235,ddos_attack,peak
206,1213,ddos_attack,peak
207,1219,ddos_attack,peak
208,1320,ddos_attack,peak
209,1060,ddos_attack,peak
210,1242,ddos_attack,peak
211,1063,ddos_attack,peak
212,1330,ddos_attack,peak
213,1283,ddos_attack,peak
214,1200,ddos_attack,peak
215,1113,ddos_attack,peak
216,1089,ddos_attack,peak
217,1074,ddos_attack,peak
218,1177,ddos_attack,peak
219,1159,ddos_attack,peak
220,1126,ddos_attack,peak
221,1271,ddos_attack,peak
222,1319,ddos_attack,peak
223,1199,ddos_attack,peak
224,1173,ddos_attack,peak
225,1237,ddos_attack,peak
226,1160,ddos_attack,peak
227,1181,ddos_attack,peak
228,1120,ddos_attack,peak
229,1207,ddos_attack,peak
230,1210,ddos_attack,peak
231,1206,ddos_attack,peak
232,1066,ddos_attack,peak
233,1199,ddos_attack,peak
234,1306,ddos_attack,peak
235,1341,ddos_attack,peak
236,1177,ddos_attack,peak
237,1103,ddos_attack,peak
238,1153,ddos_attack,peak
239,1270,ddos_attack,peak
240,1147,ddos_attack,peak
241,1117,ddos_attack,peak
242,1325,ddos_attack,peak
243,1253,ddos_attack,peak
244,1117,ddos_attack,peak
245,1147,ddos_attack,peak
246,1257,ddos_attack,peak
247,1088,ddos_attack,peak
248,1309,ddos_attack,peak
249,1059,ddos_attack,peak
250,1153,ddos_attack,peak
251,1103,ddos_attack,peak
252,1149,ddos_attack,peak
253,1208,ddos_attack,peak
254,1152,ddos_attack,peak
255,1342,ddos_attack,peak
256,1088,ddos_attack,peak
257,1226,ddos_attack,peak
258,1159,ddos_attack,peak
259,1271,ddos_attack,peak
260,1276,ddos_attack,peak
261,1311,ddos_attack,peak
262,1218,ddos_attack,peak
263,1092,ddos_attack,peak
264,1278,ddos_attack,peak
265,1245,ddos_attack,peak
266,1176,ddos_attack,peak
267,1152,ddos_attack,peak
268,1298,ddos_attack,peak
269,1186,ddos_attack,peak
270,1240,ddos_attack,peak
271,1275,ddos_attack,peak
272,1234,ddos_attack,peak
273,1346,ddos_attack,peak
274,1061,ddos_attack,peak
275,1086,ddos_attack,peak
276,1100,ddos_attack,peak
277,1188,ddos_attack,peak
278,1113,ddos_attack,peak
279,1296,ddos_attack,peak
280,1179,ddos_attack,peak
281,1166,ddos_attack,peak
282,1149,ddos_attack,peak
283,1262,ddos_attack,peak
284,1277,ddos_attack,peak
285,1187,ddos_attack,peak
286,1150,ddos_attack,peak
287,1164,ddos_attack,peak
288,1246,ddos_attack,peak
289,1264,ddos_attack,peak
290,1136,ddos_attack,peak
291,1073,ddos_attack,peak
292,1301,ddos_attack,peak
293,1276,ddos_attack,peak
294,1220,ddos_attack,peak
295,1306,ddos_attack,peak
296,1350,ddos_attack,peak
297,1150,ddos_attack,peak
298,1344,ddos_attack,peak
299,1233,ddos_attack,peak
300,1125,ddos_attack,peak
301,1227,ddos_attack,peak
302,1120,ddos_attack,peak
303,1161,ddos_attack,peak
304,1153,ddos_attack,peak
305,1262,ddos_attack,peak
306,1170,ddos_attack,peak
307,1057,ddos_attack,peak
308,1233,ddos_attack,peak
309,1061,ddos_attack,peak
310,1107,ddos_attack,peak
311,1121,ddos_attack,peak
312,1311,ddos_attack,peak
313,1338,ddos_attack,peak
314,1182,ddos_attack,peak
315,1208,ddos_attack,peak
316,1279,ddos_attack,peak
317,1343,ddos_attack,peak
318,1114,ddos_attack,peak
319,1279,ddos_attack,peak
320,1139,ddos_attack,peak
321,1322,ddos_attack,peak
322,1131,ddos_attack,peak
323,1076,ddos_attack,peak
324,1227,ddos_attack,peak
325,1145,ddos_attack,peak
326,1148,ddos_attack,peak
327,1293,ddos_attack,peak
328,1278,ddos_attack,peak
329,1110,ddos_attack,peak
330,1235,ddos_attack,peak
331,1296,ddos_attack,peak
332,1055,ddos_attack,peak
333,1291,ddos_attack,peak
334,1185,ddos_attack,peak
335,1295,ddos_attack,peak
336,1160,ddos_attack,peak
337,1156,ddos_attack,peak
338,1062,ddos_attack,peak
339,1184,ddos_attack,peak
340,1308,ddos_attack,peak
341,1086,ddos_attack,peak
342,1057,ddos_attack,peak
343,1219,ddos_attack,peak
344,1317,ddos_attack,peak
345,1137,ddos_attack,peak
346,1334,ddos_attack,peak
347,1293,ddos_attack,peak
348,1299,ddos_attack,peak
349,1203,ddos_attack,peak
350,1313,ddos_attack,peak
351,1081,ddos_attack,peak
352,1217,ddos_attack,peak
353,1086,ddos_attack,peak
354,1113,ddos_attack,peak
355,1211,ddos_attack,peak
356,1324,ddos_attack,peak
357,1072,ddos_attack,peak
358,1124,ddos_attack,peak
359,1317,ddos_attack,peak
360,1177,ddos_attack,peak
361,1214,ddos_attack,peak
362,1274,ddos_attack,peak
363,1154,ddos_attack,peak
364,1302,ddos_attack,peak
365,1266,ddos_attack,peak
366,1303,ddos_attack,peak
367,1168,ddos_attack,peak
368,1097,ddos_attack,peak
369,1270,ddos_attack,peak
370,1335,ddos_attack,peak
371,1155,ddos_attack,peak
372,1163,ddos_attack,peak
373,1179,ddos_attack,peak
374,1157,ddos_attack,peak
375,1204,ddos_attack,peak
376,1094,ddos_attack,peak
377,1318,ddos_attack,peak
378,1151,ddos_attack,peak
379,1279,ddos_attack,peak
380,1081,ddos_attack,peak
381,1180,ddos_attack,peak
382,1289,ddos_attack,peak
383,1137,ddos_attack,peak
384,1105,ddos_attack,peak
385,1058,ddos_attack,peak
386,1107,ddos_attack,peak
387,1307,ddos_attack,peak
388,1231,ddos_attack,peak
389,1309,ddos_attack,peak
390,1216,ddos_attack,peak
391,1153,ddos_attack,peak
392,1326,ddos_attack,peak
393,1316,ddos_attack,peak
394,1335,ddos_attack,peak
395,1279,ddos_attack,peak
396,1193,ddos_attack,peak
397,1243,ddos_attack,peak
398,1056,ddos_attack,peak
399,1346,ddos_attack,peak
400,1102,ddos_attack,peak
401,1087,ddos_attack,peak
402,1082,ddos_attack,peak
403,1127,ddos_attack,peak
404,1120,ddos_attack,peak
405,1135,ddos_attack,peak
406,1193,ddos_attack,peak
407,1057,ddos_attack,peak
408,1206,ddos_attack,peak
409,1174,ddos_attack,peak
410,1193,ddos_attack,peak
411,1056,ddos_attack,peak
412,1254,ddos_attack,peak
413,1312,ddos_attack,peak
414,1102,ddos_attack,peak
415,1183,ddos_attack,peak
416,1314,ddos_attack,peak
417,1086,ddos_attack,peak
418,1090,ddos_attack,peak
419,1336,ddos_attack,peak
420,1159,ddos_attack,peak
421,1137,ddos_attack,peak
422,1121,ddos_attack,peak
423,1066,ddos_attack,peak
424,1316,ddos_attack,peak
425,1318,ddos_attack,peak
426,1339,ddos_attack,peak
427,1275,ddos_attack,peak
428,1305,ddos_attack,peak
429,1075,ddos_attack,peak
430,1169,ddos_attack,peak
431,1247,ddos_attack,peak
432,1320,ddos_attack,peak
433,1349,ddos_attack,peak
434,1229,ddos_attack,peak
435,1075,ddos_attack,peak
436,1228,ddos_attack,peak
437,1131,ddos_attack,peak
438,1083,ddos_attack,peak
439,1322,ddos_attack,peak
440,1250,ddos_attack,peak
441,1231,ddos_attack,peak
442,1292,ddos_attack,peak
443,1281,ddos_attack,peak
444,1345,ddos_attack,peak
445,1212,ddos_attack,peak
446,1333,ddos_attack,peak
447,1074,ddos_attack,peak
448,1078,ddos_attack,peak
449,1305,ddos_attack,peak
450,1121,ddos_attack,peak
451,1236,ddos_attack,cool_down
452,1180,ddos_attack,cool_down
453,1162,ddos_attack,cool_down
454,1194,ddos_attack,cool_down
455,1167,ddos_attack,cool_down
456,1199,ddos_attack,cool_down
457,1183,ddos_attack,cool_down
458,1193,ddos_attack,cool_down
459,1129,ddos_attack,cool_down
460,1158,ddos_attack,cool_down
461,1158,ddos_attack,cool_down
462,1138,ddos_attack,cool_down
463,1122,ddos_attack,cool_down
464,1158,ddos_attack,cool_down
465,1096,ddos_attack,cool_down
466,1146,ddos_attack,cool_down
467,1108,ddos_attack,cool_down
468,1106,ddos_attack,cool_down
469,1072,ddos_attack,cool_down
470,1070,ddos_attack,cool_down
471,1062,ddos_attack,cool_down
472,1132,ddos_attack,cool_down
473,1068,ddos_attack,cool_down
474,1103,ddos_attack,cool_down
475,1102,ddos_attack,cool_down
476,1021,ddos_attack,cool_down
477,1030,ddos_attack,cool_down
478,1076,ddos_attack,cool_down
479,1095,ddos_attack,cool_down
480,1038,ddos_attack,cool_down
481,1036,ddos_attack,cool_down
482,1064,ddos_attack,cool_down
483,1063,ddos_attack,cool_down
484,987,ddos_attack,cool_down
485,1045,ddos_attack,cool_down
486,1055,ddos_attack,cool_down
487,956,ddos_attack,cool_down
488,951,ddos_attack,cool_down
489,967,ddos_attack,cool_down
490,981,ddos_attack,cool_down
491,980,ddos_attack,cool_down
492,1026,ddos_attack,cool_down
493,933,ddos_attack,cool_down
494,940,ddos_attack,cool_down
495,945,ddos_attack,cool_down
496,1004,ddos_attack,cool_down
497,958,ddos_attack,cool_down
498,968,ddos_attack,cool_down
499,951,ddos_attack,cool_down
500,978,ddos_attack,cool_down
501,952,ddos_attack,cool_down
502,896,ddos_attack,cool_down
503,879,ddos_attack,cool_down
504,933,ddos_attack,cool_down
505,864,ddos_attack,cool_down
506,876,ddos_attack,cool_down
507,932,ddos_attack,cool_down
508,854,ddos_attack,cool_down
509,917,ddos_attack,cool_down
510,884,ddos_attack,cool_down
511,910,ddos_attack,cool_down
512,869,ddos_attack,cool_down
513,826,ddos_attack,cool_down
514,857,ddos_attack,cool_down
515,903,ddos_attack,cool_down
516,897,ddos_attack,cool_down
517,892,ddos_attack,cool_down
518,890,ddos_attack,cool_down
519,839,ddos_attack,cool_down
520,879,ddos_attack,cool_down
521,854,ddos_attack,cool_down
522,786,ddos_attack,cool_down
523,839,ddos_attack,cool_down
524,822,ddos_attack,cool_down
525,844,ddos_attack,cool_down
526,763,ddos_attack,cool_down
527,838,ddos_attack,cool_down
528,782,ddos_attack,cool_down
529,761,ddos_attack,cool_down
530,820,ddos_attack,cool_down
531,739,ddos_attack,cool_down
532,730,ddos_attack,cool_down
533,750,ddos_attack,cool_down
534,749,ddos_attack,cool_down
535,794,ddos_attack,cool_down
536,710,ddos_attack,cool_down
537,693,ddos_attack,cool_down
538,781,ddos_attack,cool_down
539,699,ddos_attack,cool_down
540,722,ddos_attack,cool_down
541,668,ddos_attack,cool_down
542,728,ddos_attack,cool_down
543,708,ddos_attack,cool_down
544,717,ddos_attack,cool_down
545,689,ddos_attack,cool_down
546,701,ddos_attack,cool_down
547,701,ddos_attack,cool_down
548,660,ddos_attack,cool_down
549,680,ddos_attack,cool_down
550,650,ddos_attack,cool_down
551,630,ddos_attack,cool_down
552,707,ddos_attack,cool_down
553,684,ddos_attack,cool_down
554,613,ddos_attack,cool_down
555,631,ddos_attack,cool_down
556,660,ddos_attack,cool_down
557,643,ddos_attack,cool_down
558,672,ddos_attack,cool_down
559,598,ddos_attack,cool_down
560,588,ddos_attack,cool_down
561,603,ddos_attack,cool_down
562,598,ddos_attack,cool_down
563,613,ddos_attack,cool_down
564,558,ddos_attack,cool_down
565,561,ddos_attack,cool_down
566,580,ddos_attack,cool_down
567,627,ddos_attack,cool_down
568,563,ddos_attack,cool_down
569,520,ddos_attack,cool_down
570,511,ddos_attack,cool_down
571,573,ddos_attack,cool_down
572,537,ddos_attack,cool_down
573,584,ddos_attack,cool_down
574,524,ddos_attack,cool_down
575,550,ddos_attack,cool_down
576,536,ddos_attack,cool_down
577,518,ddos_attack,cool_down
578,519,ddos_attack,cool_down
579,540,ddos_attack,cool_down
580,551,ddos_attack,cool_down
581,549,ddos_attack,cool_down
582,463,ddos_attack,cool_down
583,536,ddos_attack,cool_down
584,516,ddos_attack,cool_down
585,451,ddos_attack,cool_down
586,450,ddos_attack,cool_down
587,477,ddos_attack,cool_down
588,431,ddos_attack,cool_down
589,467,ddos_attack,cool_down
590,483,ddos_attack,cool_down
591,424,ddos_attack,cool_down
592,459,ddos_attack,cool_down
593,467,ddos_attack,cool_down
594,465,ddos_attack,cool_down
595,465,ddos_attack,cool_down
596,384,ddos_attack,cool_down
597,411,ddos_attack,cool_down
598,412,ddos_attack,cool_down
599,433,ddos_attack,cool_down
600,377,ddos_attack,cool_down
601,920,ddos_attack,peak
602,1440,ddos_attack,peak
603,1960,ddos_attack,peak
604,2480,ddos_attack,peak
605,3000,ddos_attack,peak
606,3055,ddos_attack,peak
607,2943,ddos_attack,peak
608,3279,ddos_attack,peak
609,3198,ddos_attack,peak
610,3056,ddos_attack,peak
611,3114,ddos_attack,peak
612,3267,ddos_attack,peak
613,3075,ddos_attack,peak
614,2818,ddos_attack,peak
615,3220,ddos_attack,peak
616,2940,ddos_attack,peak
617,2955,ddos_attack,peak
618,2725,ddos_attack,peak
619,3118,ddos_attack,peak
620,2789,ddos_attack,peak
621,2870,ddos_attack,peak
622,3043,ddos_attack,peak
623,2732,ddos_attack,peak
624,3199,ddos_attack,peak
625,3141,ddos_attack,peak
626,2937,ddos_attack,peak
627,2756,ddos_attack,peak
628,3218,ddos_attack,peak
629,2975,ddos_attack,peak
630,2812,ddos_attack,peak
631,3137,ddos_attack,peak
632,3014,ddos_attack,peak
633,2742,ddos_attack,peak
634,3097,ddos_attack,peak
635,2811,ddos_attack,peak
636,3202,ddos_attack,peak
637,3055,ddos_attack,peak
638,3064,ddos_attack,peak
639,3007,ddos_attack,peak
640,2926,ddos_attack,peak
641,3090,ddos_attack,peak
642,3206,ddos_attack,peak
643,3278,ddos_attack,peak
644,2911,ddos_attack,peak
645,3096,ddos_attack,peak
646,2776,ddos_attack,peak
647,2750,ddos_attack,peak
648,3241,ddos_attack,peak
649,2816,ddos_attack,peak
650,3255,ddos_attack,peak
651,3078,ddos_attack,peak
652,3249,ddos_attack,peak
653,3045,ddos_attack,peak
654,3004,ddos_attack,peak
655,2879,ddos_attack,peak
656,2890,ddos_attack,peak
657,2971,ddos_attack,peak
658,3034,ddos_attack,peak
659,3066,ddos_attack,peak
660,3231,ddos_attack,peak
661,2755,ddos_attack,peak
662,3144,ddos_attack,peak
663,3079,ddos_attack,peak
664,2935,ddos_attack,peak
665,3222,ddos_attack,peak
666,2848,ddos_attack,peak
667,3143,ddos_attack,peak
668,3182,ddos_attack,peak
669,2818,ddos_attack,peak
670,2890,ddos_attack,peak
671,3003,ddos_attack,peak
672,2826,ddos_attack,peak
673,2961,ddos_attack,peak
674,2948,ddos_attack,peak
675,2877,ddos_attack,peak
676,3223,ddos_attack,peak
677,3065,ddos_attack,peak
678,3293,ddos_attack,peak
679,3079,ddos_attack,peak
680,2727,ddos_attack,peak
681,2775,ddos_attack,peak
682,3164,ddos_attack,peak
683,3227,ddos_attack,peak
684,3065,ddos_attack,peak
685,2778,ddos_attack,peak
686,3192,ddos_attack,peak
687,3248,ddos_attack,peak
688,3149,ddos_attack,peak
689,3174,ddos_attack,peak
690,2749,ddos_attack,peak
691,2711,ddos_attack,peak
692,3005,ddos_attack,peak
693,2938,ddos_attack,peak
694,2880,ddos_attack,peak
695,3082,ddos_attack,peak
696,2938,ddos_attack,peak
697,2861,ddos_attack,peak
698,3051,ddos_attack,peak
699,2908,ddos_attack,peak
700,2883,ddos_attack,peak
701,2814,ddos_attack,peak
702,2954,ddos_attack,peak
703,3080,ddos_attack,peak
704,2936,ddos_attack,peak
705,3016,ddos_attack,peak
706,3141,ddos_attack,peak
707,3007,ddos_attack,peak
708,3247,ddos_attack,peak
709,2795,ddos_attack,peak
710,3182,ddos_attack,peak
711,2716,ddos_attack,peak
712,2829,ddos_attack,peak
713,3080,ddos_attack,peak
714,3040,ddos_attack,peak
715,2707,ddos_attack,peak
716,2971,ddos_attack,peak
717,2909,ddos_attack,peak
718,2925,ddos_attack,peak
719,3123,ddos_attack,peak
720,2959,ddos_attack,peak
721,2833,ddos_attack,peak
722,3083,ddos_attack,peak
723,3260,ddos_attack,peak
724,2847,ddos_attack,peak
725,2919,ddos_attack,peak
726,2754,ddos_attack,peak
727,2796,ddos_attack,peak
728,2877,ddos_attack,peak
729,3189,ddos_attack,peak
730,3228,ddos_attack,peak
731,3186,ddos_attack,peak
732,3133,ddos_attack,peak
733,3025,ddos_attack,peak
734,3136,ddos_attack,peak
735,3199,ddos_attack,peak
736,2952,ddos_attack,peak
737,3185,ddos_attack,peak
738,2779,ddos_attack,peak
739,3290,ddos_attack,peak
740,2942,ddos_attack,peak
741,2951,ddos_attack,peak
742,2931,ddos_attack,peak
743,2913,ddos_attack,peak
744,3088,ddos_attack,peak
745,3084,ddos_attack,peak
746,2864,ddos_attack,peak
747,2829,ddos_attack,peak
748,3231,ddos_attack,peak
749,3045,ddos_attack,peak
750,3118,ddos_attack,peak
751,3016,ddos_attack,peak
752,2948,ddos_attack,peak
753,3283,ddos_attack,peak
754,2720,ddos_attack,peak
755,3120,ddos_attack,peak
756,2983,ddos_attack,peak
757,2720,ddos_attack,peak
758,2958,ddos_attack,peak
759,2765,ddos_attack,peak
760,2864,ddos_attack,peak
761,3113,ddos_attack,peak
762,3231,ddos_attack,peak
763,2976,ddos_attack,peak
764,2910,ddos_attack,peak
765,2901,ddos_attack,peak
766,2775,ddos_attack,peak
767,3133,ddos_attack,peak
768,3165,ddos_attack,peak
769,2783,ddos_attack,peak
770,3258,ddos_attack,peak
771,3220,ddos_attack,peak
772,3075,ddos_attack,peak
773,2983,ddos_attack,peak
774,2952,ddos_attack,peak
775,3026,ddos_attack,peak
776,3132,ddos_attack,peak
777,3125,ddos_attack,peak
778,2738,ddos_attack,peak
779,3036,ddos_attack,peak
780,2812,ddos_attack,peak
781,3167,ddos_attack,peak
782,3287,ddos_attack,peak
783,2745,ddos_attack,peak
784,3013,ddos_attack,peak
785,2740,ddos_attack,peak
786,3283,ddos_attack,peak
787,2877,ddos_attack,peak
788,3296,ddos_attack,peak
789,2985,ddos_attack,peak
790,2806,ddos_attack,peak
791,2890,ddos_attack,peak
792,2765,ddos_attack,peak
793,3109,ddos_attack,peak
794,3093,ddos_attack,peak
795,2813,ddos_attack,peak
796,2913,ddos_attack,peak
797,3126,ddos_attack,peak
798,2760,ddos_attack,peak
799,3185,ddos_attack,peak
800,3028,ddos_attack,peak
801,2966,ddos_attack,peak
802,3029,ddos_attack,peak
803,2890,ddos_attack,peak
804,3080,ddos_attack,peak
805,3019,ddos_attack,peak
806,2922,ddos_attack,peak
807,3237,ddos_attack,peak
808,3083,ddos_attack,peak
809,3046,ddos_attack,peak
810,3133,ddos_attack,peak
811,2884,ddos_attack,peak
812,3110,ddos_attack,peak
813,2814,ddos_attack,peak
814,3157,ddos_attack,peak
815,3161,ddos_attack,peak
816,2875,ddos_attack,peak
817,2828,ddos_attack,peak
818,2754,ddos_attack,peak
819,2992,ddos_attack,peak
820,2946,ddos_attack,peak
821,2856,ddos_attack,peak
822,3236,ddos_attack,peak
823,2762,ddos_attack,peak
824,3228,ddos_attack,peak
825,3245,ddos_attack,peak
826,3255,ddos_attack,peak
827,2796,ddos_attack,peak
828,2850,ddos_attack,peak
829,2761,ddos_attack,peak
830,3004,ddos_attack,peak
831,3026,ddos_attack,peak
832,3246,ddos_attack,peak
833,3204,ddos_attack,peak
834,2896,ddos_attack,peak
835,2848,ddos_attack,peak
836,3128,ddos_attack,peak
837,3212,ddos_attack,peak
838,3004,ddos_attack,peak
839,3017,ddos_attack,peak
840,2789,ddos_attack,peak
841,3247,ddos_attack,peak
842,2800,ddos_attack,peak
843,2818,ddos_attack,peak
844,3238,ddos_attack,peak
845,2793,ddos_attack,peak
846,2997,ddos_attack,peak
847,3220,ddos_attack,peak
848,2910,ddos_attack,peak
849,3263,ddos_attack,peak
850,2751,ddos_attack,peak
851,2880,ddos_attack,peak
852,2833,ddos_attack,peak
853,2892,ddos_attack,peak
854,3037,ddos_attack,peak
855,2754,ddos_attack,peak
856,2886,ddos_attack,peak
857,3078,ddos_attack,peak
858,3288,ddos_attack,peak
859,2911,ddos_attack,peak
860,2728,ddos_attack,peak
861,2978,ddos_attack,peak
862,3113,ddos_attack,peak
863,3024,ddos_attack,peak
864,2926,ddos_attack,peak
865,2762,ddos_attack,peak
866,3076,ddos_attack,peak
867,3124,ddos_attack,peak
868,3028,ddos_attack,peak
869,2890,ddos_attack,peak
870,3166,ddos_attack,peak
871,3186,ddos_attack,peak
872,3095,ddos_attack,peak
873,2899,ddos_attack,peak
874,2756,ddos_attack,peak
875,3000,ddos_attack,peak
876,3002,ddos_attack,peak
877,2921,ddos_attack,peak
878,2748,ddos_attack,peak
879,3227,ddos_attack,peak
880,2952,ddos_attack,peak
881,2913,ddos_attack,peak
882,3083,ddos_attack,peak
883,3095,ddos_attack,peak
884,2815,ddos_attack,peak
885,3214,ddos_attack,peak
886,2827,ddos_attack,peak
887,2909,ddos_attack,peak
888,3073,ddos_attack,peak
889,3048,ddos_attack,peak
890,2823,ddos_attack,peak
891,2778,ddos_attack,peak
892,3020,ddos_attack,peak
893,3240,ddos_attack,peak
894,2958,ddos_attack,peak
895,3178,ddos_attack,peak
896,3221,ddos_attack,peak
897,2985,ddos_attack,peak
898,2813,ddos_attack,peak
899,3149,ddos_attack,peak
900,2857,ddos_attack,peak
901,3232,ddos_attack,peak
902,3156,ddos_attack,peak
903,2994,ddos_attack,peak
904,2836,ddos_attack,peak
905,3059,ddos_attack,peak
906,2828,ddos_attack,peak
907,3227,ddos_attack,peak
908,2823,ddos_attack,peak
909,3288,ddos_attack,peak
910,3216,ddos_attack,peak
911,2873,ddos_attack,peak
912,3215,ddos_attack,peak
913,2785,ddos_attack,peak
914,2730,ddos_attack,peak
915,3177,ddos_attack,peak
916,3029,ddos_attack,peak
917,2865,ddos_attack,peak
918,3118,ddos_attack,peak
919,3088,ddos_attack,peak
920,3207,ddos_attack,peak
921,2823,ddos_attack,peak
922,2888,ddos_attack,peak
923,2818,ddos_attack,peak
924,2864,ddos_attack,peak
925,3254,ddos_attack,peak
926,3275,ddos_attack,peak
927,2784,ddos_attack,peak
928,3231,ddos_attack,peak
929,3190,ddos_attack,peak
930,3059,ddos_attack,peak
931,2986,ddos_attack,peak
932,2772,ddos_attack,peak
933,3196,ddos_attack,peak
934,3005,ddos_attack,peak
935,3189,ddos_attack,peak
936,2833,ddos_attack,peak
937,2902,ddos_attack,peak
938,3081,ddos_attack,peak
939,2841,ddos_attack,peak
940,2879,ddos_attack,peak
941,3041,ddos_attack,peak
942,2739,ddos_attack,peak
943,3185,ddos_attack,peak
944,2894,ddos_attack,peak
945,2853,ddos_attack,peak
946,2757,ddos_attack,peak
947,2781,ddos_attack,peak
948,3062,ddos_attack,peak
949,2942,ddos_attack,peak
950,3160,ddos_attack,peak
951,87,ddos_attack,stable
952,103,ddos_attack,stable
953,106,ddos_attack,stable
954,105,ddos_attack,stable
955,101,ddos_attack,stable
956,98,ddos_attack,stable
957,94,ddos_attack,stable
958,82,ddos_attack,stable
959,93,ddos_attack,stable
960,87,ddos_attack,stable
961,105,ddos_attack,stable
962,80,ddos_attack,stable
963,108,ddos_attack,stable
964,91,ddos_attack,stable
965,94,ddos_attack,stable
966,108,ddos_attack,stable
967,100,ddos_attack,stable
968,85,ddos_attack,stable
969,107,ddos_attack,stable
970,105,ddos_attack,stable
971,86,ddos_attack,stable
972,102,ddos_attack,stable
973,110,ddos_attack,stable
974,109,ddos_attack,stable
975,88,ddos_attack,stable
976,96,ddos_attack,stable
977,99,ddos_attack,stable
978,91,ddos_attack,stable
979,108,ddos_attack,stable
980,91,ddos_attack,stable
981,102,ddos_attack,stable
982,103,ddos_attack,stable
983,93,ddos_attack,stable
984,101,ddos_attack,stable
985,101,ddos_attack,stable
986,99,ddos_attack,stable
987,89,ddos_attack,stable
988,80,ddos_attack,stable
989,81,ddos_attack,stable
990,87,ddos_attack,stable
991,94,ddos_attack,stable
992,87,ddos_attack,stable
993,105,ddos_attack,stable
994,91,ddos_attack,stable
995,107,ddos_attack,stable
996,89,ddos_attack,stable
997,83,ddos_attack,stable
998,96,ddos_attack,stable
999,101,ddos_attack,stable
1000,84,ddos_attack,stable
1001,91,ddos_attack,stable
1002,81,ddos_attack,stable
1003,86,ddos_attack,stable
1004,101,ddos_attack,stable
1005,88,ddos_attack,stable
1006,88,ddos_attack,stable
1007,104,ddos_attack,stable
1008,103,ddos_attack,stable
1009,96,ddos_attack,stable
1010,92,ddos_attack,stable
1011,107,ddos_attack,stable
1012,86,ddos_attack,stable
1013,88,ddos_attack,stable
1014,87,ddos_attack,stable
1015,101,ddos_attack,stable
1016,98,ddos_attack,stable
1017,87,ddos_attack,stable
1018,92,ddos_attack,stable
1019,110,ddos_attack,stable
1020,110,ddos_attack,stable
1021,96,ddos_attack,stable
1022,104,ddos_attack,stable
1023,92,ddos_attack,stable
1024,87,ddos_attack,stable
1025,94,ddos_attack,stable
1026,90,ddos_attack,stable
1027,85,ddos_attack,stable
1028,80,ddos_attack,stable
1029,109,ddos_attack,stable
1030,103,ddos_attack,stable
1031,83,ddos_attack,stable
1032,88,ddos_attack,stable
1033,109,ddos_attack,stable
1034,109,ddos_attack,stable
1035,90,ddos_attack,stable
1036,102,ddos_attack,stable
1037,98,ddos_attack,stable
1038,100,ddos_attack,stable
1039,90,ddos_attack,stable
1040,98,ddos_attack,stable
1041,107,ddos_attack,stable
1042,98,ddos_attack,stable
1043,81,ddos_attack,stable
1044,86,ddos_attack,stable
1045,95,ddos_attack,stable
1046,97,ddos_attack,stable
1047,85,ddos_attack,stable
1048,86,ddos_attack,stable
1049,95,ddos_attack,stable
1050,95,ddos_attack,stable
1051,104,ddos_attack,stable
1052,97,ddos_attack,stable
1053,107,ddos_attack,stable
1054,89,ddos_attack,stable
1055,90,ddos_attack,stable
1056,102,ddos_attack,stable
1057,99,ddos_attack,stable
1058,95,ddos_attack,stable
1059,91,ddos_attack,stable
1060,90,ddos_attack,stable
1061,98,ddos_attack,stable
1062,87,ddos_attack,stable
1063,105,ddos_attack,stable
1064,106,ddos_attack,stable
1065,105,ddos_attack,stable
1066,90,ddos_attack,stable
1067,100,ddos_attack,stable
1068,102,ddos_attack,stable
1069,107,ddos_attack,stable
1070,85,ddos_attack,stable
1071,80,ddos_attack,stable
1072,110,ddos_attack,stable
1073,82,ddos_attack,stable
1074,109,ddos_attack,stable
1075,101,ddos_attack,stable
1076,106,ddos_attack,stable
1077,104,ddos_attack,stable
1078,98,ddos_attack,stable
1079,109,ddos_attack,stable
1080,94,ddos_attack,stable
1081,89,ddos_attack,stable
1082,93,ddos_attack,stable
1083,109,ddos_attack,stable
1084,96,ddos_attack,stable
1085,86,ddos_attack,stable
1086,94,ddos_attack,stable
1087,104,ddos_attack,stable
1088,102,ddos_attack,stable
1089,81,ddos_attack,stable
1090,80,ddos_attack,stable
1091,82,ddos_attack,stable
1092,90,ddos_attack,stable
1093,103,ddos_attack,stable
1094,105,ddos_attack,stable
1095,93,ddos_attack,stable
1096,100,ddos_attack,stable
1097,82,ddos_attack,stable
1098,82,ddos_attack,stable
1099,96,ddos_attack,stable
1100,110,ddos_attack,stable
